00000000000000000000000000
00000000000000000000000000
00000000000000000000000000
00000000000010000000000000
00000000000010000000000000
00000000000110100000000000
00000000000110100000000000
00000000001110110000000000
00000000001110110000000000
00000000011110111000000000
00000000011110111000000000
00000000111110111100000000
00000000111110111100000000
00000000000000000000000000
00000001111110111110000000
00000011111110111111000000
00000011111110111111000000
00000111111110111111100000
00000111111110111111100000
00001111111000011111110000
00001111100000000111110000
00011110000000000001111000
00011000000000000000011000
00000000000000000000000000
00000000000000000000000000
00000000000000000000000000